# C1F C1B C2F C2B C3F C3B C4F C4B C5F C5B C6F C6B 
2021-03-10T14:55:42 888 -73464 843 -58087.4 853 -90836.9 870 -73227.1 900 -49087.2 825 -30776.4 785 -34689.3 830 -49923.8 868 -70246.8 878 -59977.3 845 -61587.6 870 -43567.9 
2021-03-10T14:55:47 888.001 -73533 842.958 -57936.1 852.993 -90911.2 869.99 -73210.3 899.998 -49057.1 825.02 -30802.6 785.007 -34712.1 829.97 -49830.6 867.99 -70264.8 877.994 -60026.5 844.996 -61612.5 870.008 -43596.4 
2021-03-10T14:55:52 887.985 -73568.9 842.949 -57984.2 852.968 -90859.7 869.983 -73273 900.011 -49024 825.031 -30797.3 785.005 -34688.3 829.985 -49868 867.972 -70281.6 877.975 -59992.4 844.981 -61602.7 870.004 -43563.1 
2021-03-10T14:55:58 887.961 -73501.5 842.929 -57946.6 852.956 -90874.5 869.966 -73278.3 900.039 -49067.6 825.044 -30821.6 785.013 -34695.7 829.981 -49855.2 867.947 -70216.4 877.965 -59981.7 844.97 -61602.8 870.015 -43608.7 
2021-03-10T14:56:02 887.953 -73491.3 842.918 -57928.3 852.94 -90873.3 869.947 -73176.8 900.046 -49088.4 825.05 -30837.2 785.017 -34698.4 829.984 -49916.3 867.949 -70285.4 877.958 -59996.1 844.959 -61621.8 870.006 -43623.1 
2021-03-10T14:56:07 887.947 -73518.6 842.911 -57886.9 852.925 -90836.1 869.946 -73162 900.044 -49030.1 825.05 -30762.9 785.021 -34695.7 829.958 -49858.8 867.923 -70262.2 877.947 -59957.9 844.938 -61621.1 869.99 -43614.4 
2021-03-10T14:56:12 887.934 -73564.9 842.912 -57954.7 852.918 -90902 869.948 -73246.2 900.069 -49149.6 825.074 -30829 785.025 -34733.5 829.959 -49919.1 867.906 -70326.1 877.947 -60071.5 844.918 -61625.3 869.978 -43636.7 
2021-03-10T14:56:18 887.911 -73481.2 842.899 -57988 852.895 -90833 869.934 -73193.8 900.039 -49114.7 825.077 -30867.8 785.014 -34719.3 829.932 -49836.4 867.864 -70215.3 877.916 -59999.1 844.896 -61590.8 869.957 -43606.9 
2021-03-10T14:56:22 887.908 -73495.4 842.879 -57945.9 852.889 -90972.5 869.931 -73287.4 900.024 -49075.8 825.067 -30794.7 785.008 -34701.5 829.943 -49882.4 867.866 -70248.7 877.904 -60000.2 844.891 -61637.2 869.949 -43593.8 
2021-03-10T14:56:28 887.901 -73510.2 842.868 -57960.2 852.85 -90849 869.91 -73129.1 900.028 -49117.4 825.081 -30817.1 785.01 -34709.7 829.933 -49882.1 867.855 -70280.1 877.892 -60004.8 844.864 -61623.2 869.946 -43616 
2021-03-10T14:56:32 887.891 -73495 842.854 -57925.6 852.84 -90876.1 869.918 -73284.5 900.013 -49057.1 825.088 -30838.3 785.008 -34724.5 829.923 -49864.9 867.831 -70213.6 877.879 -59964.6 844.843 -61610.8 869.934 -43638.6 
2021-03-10T14:56:38 887.884 -73469.4 842.847 -57948.3 852.824 -90786.9 869.898 -73198 900.025 -49077.1 825.088 -30890.8 785 -34704.3 829.922 -49867.5 867.834 -70137.3 877.877 -59961.5 844.828 -61670.9 869.911 -43635.2 
2021-03-10T14:56:42 887.883 -73435 842.835 -57976.3 852.829 -90751.6 869.893 -73193.8 900.028 -49137.6 825.071 -30837.6 785.001 -34712.4 829.918 -49806.4 867.868 -70186.4 877.875 -59894.9 844.784 -61553.8 869.891 -43574.5 
2021-03-10T14:56:48 887.89 -73464.8 842.817 -57919.3 852.842 -90909.3 869.889 -73235.2 900.003 -49154.5 825.071 -30832.5 784.999 -34726.2 829.944 -49878.2 867.882 -70320 877.891 -60027.5 844.796 -61621.4 869.896 -43626.7 
2021-03-10T14:56:52 887.891 -73493.3 842.812 -57903.8 852.818 -90891.8 869.878 -73157.5 899.97 -49128.6 825.072 -30871.8 784.99 -34739.7 829.936 -49882.9 867.842 -70297.6 877.872 -59968.7 844.776 -61618 869.879 -43564.5 
2021-03-10T14:56:58 887.884 -73460.7 842.81 -57892.3 852.798 -90896.3 869.881 -73251.3 899.95 -49098.1 825.061 -30874 784.975 -34683.2 829.926 -49879.4 867.811 -70272.1 877.868 -59934.4 844.758 -61659.2 869.889 -43630.7 
2021-03-10T14:57:02 887.886 -73494.5 842.811 -57959.3 852.777 -90830.3 869.867 -73085.8 899.943 -49078.8 825.05 -30830.9 784.985 -34683.6 829.917 -49792.2 867.79 -70243.5 877.874 -60005.6 844.72 -61619.9 869.87 -43643.4 
2021-03-10T14:57:08 887.879 -73542.3 842.797 -57927.9 852.771 -90837.6 869.882 -73191.3 899.945 -49185.1 825.052 -30849.7 784.995 -34722.2 829.95 -49806.5 867.781 -70305 877.86 -59959.6 844.7 -61643 869.846 -43591.9 
2021-03-10T14:57:12 887.861 -73574 842.79 -57964.3 852.764 -90878.1 869.878 -73220.8 899.898 -49100.7 825.048 -30881 784.988 -34744.4 829.976 -49898.2 867.747 -70244.1 877.859 -60009.6 844.67 -61652.4 869.844 -43647.7 
2021-03-10T14:57:18 887.836 -73497.5 842.775 -57969.9 852.747 -90835 869.87 -73262.6 899.891 -49079.9 825.034 -30841.3 784.971 -34666.1 829.958 -49854.7 867.738 -70301.9 877.845 -60003.2 844.635 -61613.3 869.818 -43616.6 
2021-03-10T14:57:23 887.829 -73480.2 842.758 -57927.2 852.74 -90828.4 869.854 -73179.6 899.892 -49059.1 825.033 -30874.4 784.989 -34696.4 829.961 -49905.9 867.705 -70250.2 877.832 -59998.3 844.619 -61649.8 869.806 -43650.4 
2021-03-10T14:57:28 887.825 -73573.9 842.751 -57933.6 852.735 -90836.4 869.852 -73184.5 899.904 -49084.2 825.021 -30825.8 784.993 -34742.5 829.94 -49887 867.693 -70305.3 877.821 -59982.2 844.585 -61713.9 869.779 -43611.6 
2021-03-10T14:57:32 887.8 -73503.3 842.743 -57959.6 852.728 -90878.4 869.85 -73193 899.904 -49125.2 825.025 -30867.5 784.977 -34745.5 829.928 -49910.9 867.659 -70304.9 877.814 -60030.1 844.52 -61631.1 869.768 -43639 
2021-03-10T14:57:37 887.792 -73583.8 842.729 -57942.5 852.712 -90833.2 869.846 -73179.6 899.885 -49062.2 825.015 -30849.2 784.96 -34730.3 829.904 -49917.9 867.625 -70323.3 877.794 -59999 844.495 -61632 869.746 -43614.2 
2021-03-10T14:57:43 887.764 -73532.2 842.718 -57890 852.705 -90822.1 869.845 -73175.7 899.895 -49089.6 825.011 -30818.7 784.95 -34699.6 829.877 -49829.1 867.584 -70212.8 877.782 -59925 844.47 -61631.2 869.734 -43632.9 
2021-03-10T14:57:47 887.749 -73509.5 842.72 -57902.9 852.702 -90774.3 869.844 -73102.2 899.892 -49143.5 825.018 -30826 784.953 -34680.5 829.892 -49884.7 867.587 -70202.6 877.79 -59961.2 844.446 -61586.9 869.715 -43598.5 
2021-03-10T14:57:52 887.738 -73511.6 842.718 -57916.2 852.709 -90830.1 869.857 -73222.3 899.864 -49096 825.021 -30860 784.964 -34737.1 829.881 -49882.5 867.594 -70224 877.789 -60013.3 844.442 -61678.7 869.71 -43607.8 
2021-03-10T14:57:58 887.728 -73443 842.714 -57894.9 852.704 -90805.9 869.848 -73180.8 899.859 -49065.2 825.014 -30789.5 784.95 -34709.1 829.871 -49900.4 867.593 -70305.7 877.773 -59938.8 844.394 -61618.2 869.701 -43602.7 
2021-03-10T14:58:02 887.733 -73437.3 842.714 -57870.9 852.704 -90880.7 869.846 -73149.3 899.867 -49126.6 825.03 -30835.8 784.949 -34704.5 829.852 -49886.2 867.559 -70263.1 877.777 -60003.1 844.376 -61584.1 869.694 -43591.8 
2021-03-10T14:58:07 887.74 -73479.7 842.719 -57899.3 852.686 -90764.3 869.85 -73135.8 899.848 -49136.9 825.03 -30809.4 784.95 -34712 829.84 -49827.1 867.542 -70247.2 877.765 -59962.6 844.374 -61573.7 869.692 -43577.3 
2021-03-10T14:58:12 887.737 -73543.7 842.718 -57922.2 852.696 -90880.4 869.857 -73250.5 899.823 -49139 825.04 -30883.1 784.947 -34714 829.857 -49888.8 867.531 -70278.6 877.763 -60043.1 844.377 -61609.2 869.697 -43628.7 
2021-03-10T14:58:17 887.719 -73477.7 842.713 -57876.9 852.679 -90858.6 869.843 -73178.8 899.797 -49135.4 825.025 -30891.3 784.944 -34719.3 829.843 -49886.9 867.508 -70253.4 877.739 -60016.3 844.363 -61656.8 869.679 -43617.4 
2021-03-10T14:58:22 887.716 -73478.2 842.717 -57888 852.667 -90840.8 869.841 -73171 899.773 -49046.7 825.008 -30829.6 784.938 -34713.9 829.831 -49869.2 867.495 -70255.8 877.723 -59983.1 844.326 -61712.1 869.666 -43641.6 
2021-03-10T14:58:27 887.713 -73450.2 842.718 -57860.9 852.659 -90756.6 869.842 -73114.5 899.791 -49056.6 825.01 -30832 784.935 -34690.1 829.827 -49863.2 867.481 -70222.9 877.716 -59921.3 844.262 -61603.1 869.642 -43598.5 
2021-03-10T14:58:32 887.717 -73502.9 842.726 -57946.3 852.67 -90845.9 869.852 -73226.3 899.803 -49130.1 825.012 -30825.5 784.942 -34708.1 829.826 -49860.3 867.48 -70267 877.725 -60019.7 844.251 -61602.3 869.638 -43608.2 
2021-03-10T14:58:38 887.708 -73483.1 842.715 -57887.1 852.661 -90779.6 869.842 -73113.8 899.782 -49013.6 825.016 -30826.8 784.941 -34637.7 829.827 -49767 867.461 -70179.2 877.708 -59930.7 844.24 -61548.7 869.629 -43579.5 
2021-03-10T14:58:42 887.704 -73509.5 842.717 -57911.6 852.668 -90828.1 869.852 -73162.3 899.815 -49144.5 825.02 -30854.4 784.971 -34743 829.871 -49893.7 867.478 -70284.4 877.714 -59980.1 844.255 -61621.4 869.632 -43601.7 
2021-03-10T14:58:48 887.694 -73511.4 842.713 -57887.7 852.662 -90797.7 869.854 -73171 899.786 -49087.2 825.014 -30796.4 784.955 -34705.7 829.856 -49869 867.453 -70224.3 877.708 -59950.9 844.235 -61611.4 869.626 -43627 
2021-03-10T14:58:52 887.684 -73477.9 842.715 -57920.1 852.665 -90815.4 869.854 -73198.9 899.785 -49052.1 825.028 -30789.1 784.955 -34723 829.852 -49877.7 867.451 -70248.9 877.709 -59972.1 844.22 -61626.1 869.609 -43580.6 
2021-03-10T14:58:57 887.681 -73473.2 842.71 -57853.3 852.662 -90828.9 869.85 -73174.7 899.8 -49102.9 825.043 -30869.7 784.948 -34720.4 829.844 -49861.3 867.44 -70208.1 877.704 -59950.5 844.197 -61621.5 869.611 -43619.4 
2021-03-10T14:59:03 887.679 -73445.7 842.719 -57845.8 852.657 -90782.6 869.849 -73071.4 899.791 -49118.7 825.033 -30847.4 784.942 -34725.3 829.844 -49859.8 867.445 -70304.1 877.706 -59961.2 844.177 -61636.1 869.598 -43599.7 
2021-03-10T14:59:07 887.684 -73501.7 842.73 -57891.1 852.663 -90849.9 869.867 -73134.2 899.775 -49065.8 825.03 -30866.7 784.934 -34689.9 829.845 -49829.2 867.411 -70210 877.704 -60011.8 844.15 -61590.7 869.592 -43627.4 
2021-03-10T14:59:13 887.676 -73536.4 842.731 -57891.3 852.653 -90832.8 869.873 -73227.3 899.783 -49080.3 825.021 -30812.2 784.941 -34678.4 829.86 -49871.3 867.416 -70284.2 877.689 -59948.6 844.145 -61655.2 869.575 -43625 
2021-03-10T14:59:17 887.659 -73532.9 842.732 -57971.4 852.646 -90837.3 869.864 -73172.4 899.785 -49144.8 825.029 -30834.8 784.953 -34755.6 829.855 -49879.8 867.39 -70287.5 877.691 -59978.4 844.108 -61672.1 869.559 -43636.9 
2021-03-10T14:59:22 887.644 -73437.3 842.715 -57862.9 852.639 -90848.7 869.864 -73265.5 899.756 -49078.1 825.03 -30887.9 784.931 -34696.4 829.846 -49847.4 867.363 -70237.5 877.685 -59922.4 844.064 -61623.8 869.537 -43642.8 
2021-03-10T14:59:28 887.651 -73453.6 842.722 -57898.3 852.629 -90810.2 869.847 -73219.8 899.759 -49074.5 825.014 -30866 784.936 -34709.4 829.853 -49791.3 867.357 -70180 877.694 -59931.1 844.043 -61580 869.513 -43580.6 
2021-03-10T14:59:32 887.654 -73453.5 842.722 -57876.4 852.629 -90869.7 869.839 -73184.3 899.763 -49092.5 825.004 -30820.5 784.934 -34699.3 829.886 -49904.2 867.373 -70215.3 877.7 -59972.7 844.043 -61623.5 869.516 -43630.3 
2021-03-10T14:59:37 887.657 -73504.7 842.726 -57874.8 852.614 -90824.5 869.836 -73242 899.76 -49086.9 825.01 -30830.8 784.937 -34711 829.865 -49873.4 867.375 -70304.4 877.695 -59965.8 844.022 -61649 869.498 -43636.1 
2021-03-10T14:59:43 887.647 -73511.9 842.731 -57910.7 852.61 -90836.1 869.824 -73229.2 899.758 -49107.5 825.012 -30808.5 784.935 -34705 829.859 -49855.8 867.342 -70309.8 877.693 -59946.2 843.988 -61618.4 869.477 -43661.5 
2021-03-10T14:59:47 887.637 -73527.8 842.728 -57905.1 852.603 -90880.8 869.814 -73174.3 899.747 -49111.2 825.022 -30860.1 784.936 -34710.6 829.862 -49843.6 867.306 -70279.5 877.695 -59987.5 843.97 -61597.2 869.445 -43599.4 
2021-03-10T14:59:53 887.622 -73491.3 842.725 -57917.8 852.585 -90904.3 869.813 -73179.8 899.734 -49105.3 825.015 -30840.3 784.934 -34744.2 829.87 -49915.1 867.282 -70274.6 877.687 -59979.7 843.961 -61678.4 869.44 -43674.1 
2021-03-10T14:59:58 887.616 -73552.3 842.721 -57872.2 852.562 -90845.6 869.812 -73252.8 899.725 -49103.1 825.014 -30869.3 784.917 -34724.1 829.845 -49888.4 867.26 -70291.5 877.68 -60038.1 843.914 -61623.4 869.402 -43650.3 
2021-03-10T15:00:02 887.596 -73495.5 842.726 -57893.1 852.553 -90828.7 869.798 -73188.6 899.716 -49075.7 825.004 -30866.7 784.909 -34682 829.832 -49791.7 867.232 -70253.8 877.658 -59973.3 843.893 -61664.5 869.375 -43670.5 
2021-03-10T15:00:08 887.589 -73442.8 842.726 -57943.4 852.548 -90899.6 869.795 -73148.7 899.719 -49107.1 824.994 -30862.3 784.92 -34731.7 829.864 -49903.3 867.219 -70313.3 877.653 -59967.2 843.852 -61678.4 869.339 -43635 
2021-03-10T15:00:13 887.595 -73541.3 842.716 -57953.3 852.526 -90838.7 869.799 -73174.8 899.709 -49095.7 824.986 -30836.9 784.909 -34727.7 829.844 -49903.1 867.181 -70256.5 877.65 -59907.2 843.804 -61706 869.319 -43659 
2021-03-10T15:00:17 887.577 -73497.3 842.703 -57893.4 852.519 -90778.9 869.798 -73242.7 899.703 -49088.1 824.987 -30827.8 784.899 -34713.9 829.825 -49887 867.167 -70184.2 877.663 -59961.7 843.743 -61656.2 869.288 -43661.9 
2021-03-10T15:00:23 887.57 -73503.5 842.703 -57851.9 852.525 -90897.9 869.786 -73200.1 899.701 -49103.5 824.99 -30874.9 784.896 -34722.7 829.812 -49893 867.182 -70233.2 877.661 -59996.5 843.706 -61653.1 869.256 -43679.6 
2021-03-10T15:00:28 887.561 -73428.3 842.713 -57907.6 852.504 -90848.2 869.781 -73093.4 899.692 -49059.3 824.978 -30850.1 784.889 -34702.8 829.797 -49850.3 867.177 -70236.4 877.65 -59973.6 843.671 -61651.7 869.216 -43685.3 
2021-03-10T15:00:32 887.57 -73587 842.711 -57945.4 852.494 -90873 869.795 -73280.6 899.704 -49135.8 824.974 -30876.8 784.89 -34728.8 829.802 -49893.2 867.171 -70291.2 877.645 -59966.8 843.636 -61716.8 869.174 -43684.4 
2021-03-10T15:00:37 887.542 -73521.4 842.7 -57955.1 852.479 -90845.8 869.775 -73232.5 899.679 -49124.2 824.961 -30821.1 784.881 -34735.1 829.787 -49860.1 867.142 -70220.9 877.642 -59929.4 843.57 -61624.7 869.132 -43634.3 
2021-03-10T15:00:42 887.529 -73460.8 842.686 -57889.1 852.47 -90814.1 869.765 -73175.1 899.661 -49088.7 824.966 -30801.1 784.868 -34731.3 829.787 -49864.9 867.142 -70208.7 877.649 -59955.6 843.549 -61639 869.112 -43656.2 
2021-03-10T15:00:47 887.53 -73508.3 842.688 -57920.8 852.468 -90863.6 869.764 -73232.1 899.658 -49038.3 824.978 -30875 784.857 -34699.5 829.786 -49857.3 867.147 -70167.2 877.649 -59928.4 843.52 -61591.9 869.082 -43642.7 
2021-03-10T15:00:52 887.52 -73500.2 842.682 -57950.2 852.454 -90831 869.754 -73212.2 899.68 -49080 824.966 -30842.5 784.86 -34701.7 829.787 -49861 867.169 -70259 877.656 -59983.1 843.514 -61628.2 869.059 -43692.2 
2021-03-10T15:00:57 887.512 -73486.9 842.67 -57862.2 852.449 -90847.2 869.746 -73265.1 899.681 -49080.6 824.965 -30787.9 784.862 -34686.2 829.787 -49862.8 867.153 -70257.8 877.649 -59972.4 843.491 -61645 869.013 -43647.3 
2021-03-10T15:01:02 887.508 -73519.4 842.678 -57888.2 852.439 -90832.9 869.73 -73089.1 899.683 -49072.8 824.981 -30787.4 784.871 -34731.9 829.787 -49801.9 867.139 -70212.9 877.644 -59955.6 843.46 -61673.5 868.988 -43680.4 
2021-03-10T15:01:07 887.495 -73531.4 842.679 -57899.7 852.433 -90781 869.745 -73159.6 899.688 -49040.6 824.997 -30842.9 784.859 -34704.5 829.815 -49837.9 867.142 -70230.8 877.644 -59932 843.414 -61649.2 868.948 -43712 
2021-03-10T15:01:12 887.48 -73450.9 842.678 -57829.8 852.439 -90839.8 869.747 -73176.9 899.708 -49083 824.996 -30835.1 784.86 -34680.2 829.826 -49859.2 867.138 -70250.4 877.651 -59957.5 843.381 -61663.6 868.894 -43647.7 
2021-03-10T15:01:17 887.483 -73561.6 842.693 -57847.4 852.431 -90858.2 869.746 -73124.3 899.709 -49079.8 824.996 -30845.5 784.872 -34688.5 829.826 -49819.6 867.126 -70179.9 877.65 -59937 843.34 -61671 868.868 -43684.2 
2021-03-10T15:01:22 887.461 -73457.5 842.704 -57857.8 852.419 -90751.7 869.754 -73086 899.711 -49100.8 824.994 -30855.6 784.879 -34680.8 829.846 -49830.7 867.142 -70183.2 877.655 -59908.7 843.296 -61615.5 868.826 -43646 
2021-03-10T15:01:27 887.463 -73493.1 842.712 -57911.2 852.432 -90832.8 869.769 -73154.7 899.703 -49041.1 824.988 -30851.5 784.891 -34724.8 829.861 -49898.3 867.158 -70218.3 877.667 -59919.1 843.279 -61689.6 868.801 -43697.8 
2021-03-10T15:01:32 887.457 -73571.2 842.709 -57855.3 852.426 -90837.4 869.773 -73124.9 899.723 -49083.3 824.984 -30822.7 784.882 -34715.7 829.843 -49824.5 867.159 -70280.9 877.677 -59929.6 843.226 -61655.6 868.753 -43695.1 
2021-03-10T15:01:37 887.432 -73539.3 842.717 -57882.8 852.418 -90798.2 869.781 -73241 899.723 -49074.4 824.989 -30841.7 784.878 -34715.6 829.86 -49902.9 867.135 -70245 877.684 -59985.2 843.19 -61588.5 868.707 -43639.6 
2021-03-10T15:01:42 887.415 -73487.7 842.72 -57912.9 852.42 -90833 869.769 -73142.4 899.727 -49079.3 824.987 -30844 784.874 -34708.6 829.84 -49847.8 867.125 -70233.1 877.676 -59922.7 843.185 -61669.6 868.684 -43681.1 
2021-03-10T15:01:47 887.41 -73415 842.717 -57848.7 852.414 -90744.3 869.774 -73122.5 899.729 -49059.2 824.985 -30804.6 784.873 -34712.8 829.847 -49868.7 867.12 -70240.7 877.685 -59966.6 843.142 -61637.4 868.644 -43651.9 
2021-03-10T15:01:53 887.422 -73491.5 842.727 -57914 852.429 -90849 869.783 -73151.6 899.741 -49081.4 824.996 -30843.6 784.87 -34690.5 829.843 -49887.3 867.112 -70354 877.682 -59988.9 843.114 -61708.6 868.616 -43675.2 
2021-03-10T15:01:57 887.416 -73470.4 842.723 -57880.6 852.419 -90779 869.786 -73194 899.742 -49043.6 824.994 -30840.3 784.877 -34701.6 829.831 -49821.3 867.058 -70264.3 877.673 -59941.2 843.052 -61645.7 868.578 -43680.9 
2021-03-10T15:02:02 887.415 -73517.1 842.726 -57884.2 852.425 -90793.5 869.782 -73272.9 899.761 -49059 824.993 -30815.5 784.879 -34718.8 829.849 -49926 867.041 -70257.4 877.677 -60011.9 843.02 -61649.6 868.538 -43688.1 
2021-03-10T15:02:07 887.403 -73503.6 842.729 -57876.6 852.428 -90859.4 869.764 -73240.5 899.772 -49124.3 825.001 -30879.6 784.874 -34747.7 829.819 -49888.9 867.026 -70306.6 877.661 -59971.9 842.987 -61734.1 868.495 -43761.7 
2021-03-10T15:02:12 887.395 -73566.6 842.733 -57930.8 852.416 -90864.9 869.752 -73207.9 899.754 -49048.6 824.987 -30839.8 784.856 -34668.6 829.806 -49836.5 866.991 -70293.4 877.657 -59997.5 842.912 -61647 868.42 -43670.4 
2021-03-10T15:02:17 887.371 -73454.1 842.725 -57883.4 852.402 -90854.2 869.746 -73170.5 899.77 -49096.4 824.986 -30824.5 784.872 -34697.9 829.817 -49869.3 866.962 -70259.8 877.646 -60016.9 842.88 -61639.5 868.384 -43675.4 
2021-03-10T15:02:22 887.374 -73453.7 842.728 -57864.5 852.391 -90802.1 869.746 -73103.3 899.764 -49071.2 824.991 -30806.8 784.876 -34707.3 829.813 -49847.2 866.946 -70260.2 877.629 -59978.1 842.851 -61602 868.346 -43644 
2021-03-10T15:02:27 887.377 -73475 842.735 -57864.4 852.392 -90827.5 869.758 -73142 899.77 -49111.8 825.001 -30805.7 784.875 -34693.8 829.82 -49853.9 866.93 -70276.5 877.623 -59947.8 842.84 -61669.1 868.322 -43661.5 
2021-03-10T15:02:32 887.375 -73454.7 842.742 -57924.8 852.387 -90845.7 869.764 -73162.4 899.757 -49078.3 825.011 -30866.5 784.881 -34722.5 829.823 -49916.6 866.908 -70290.4 877.625 -59992.7 842.797 -61644.5 868.29 -43683.3 
2021-03-10T15:02:37 887.377 -73506.6 842.735 -57832.8 852.378 -90817.5 869.765 -73140.5 899.76 -49060.5 825.002 -30816.4 784.874 -34749.4 829.797 -49862.7 866.88 -70265.9 877.615 -59976.5 842.766 -61669 868.249 -43695.4 
2021-03-10T15:02:43 887.368 -73476.9 842.749 -57868.7 852.375 -90781.8 869.771 -73137.4 899.771 -49181.9 825.009 -30878.4 784.855 -34678.6 829.796 -49857.6 866.862 -70209.6 877.61 -59925.6 842.723 -61636.2 868.202 -43670.3 
2021-03-10T15:02:47 887.365 -73435.6 842.755 -57861.8 852.381 -90716.7 869.777 -73045.4 899.725 -49078.9 824.996 -30816.3 784.867 -34691.2 829.798 -49858.1 866.866 -70242.5 877.618 -59931.4 842.696 -61605 868.166 -43621.9 
2021-03-10T15:02:52 887.373 -73486 842.763 -57928.6 852.402 -90771.5 869.799 -73164.2 899.727 -49137.1 825.003 -30843.1 784.873 -34719.1 829.799 -49898 866.857 -70229.3 877.624 -59983.9 842.684 -61654.8 868.151 -43739.3 
2021-03-10T15:02:57 887.368 -73437.8 842.755 -57874.1 852.41 -90846.3 869.801 -73113 899.703 -49063.4 825.001 -30803.8 784.868 -34700.7 829.782 -49879.6 866.854 -70243.5 877.617 -59884.2 842.647 -61558 868.086 -43685.1 
2021-03-10T15:03:02 887.375 -73462 842.76 -57860.7 852.401 -90794.9 869.811 -73121.7 899.712 -49050.6 825.012 -30835.9 784.87 -34708.9 829.773 -49874.2 866.845 -70252.5 877.635 -59976.6 842.658 -61584.7 868.044 -43661.3 
2021-03-10T15:03:07 887.376 -73499.4 842.768 -57954.9 852.404 -90812.7 869.82 -73192.5 899.728 -49103.2 825.012 -30835.9 784.869 -34687.2 829.767 -49823.8 866.832 -70216.7 877.63 -59935.3 842.656 -61688 868.012 -43736.4 
2021-03-10T15:03:12 887.368 -73433.3 842.755 -57907.7 852.402 -90773.1 869.816 -73156.5 899.719 -49096.4 825.013 -30811.2 784.877 -34688.9 829.785 -49890.6 866.834 -70197.2 877.635 -59970.8 842.603 -61591 867.948 -43683.1 
2021-03-10T15:03:18 887.376 -73504.3 842.752 -57875.6 852.41 -90817.1 869.819 -73166.3 899.713 -49085 825.022 -30868.8 784.885 -34690.4 829.771 -49826.2 866.843 -70097.9 877.631 -59938.6 842.598 -61674.5 867.907 -43739.1 
2021-03-10T15:03:23 887.367 -73533.6 842.757 -57916.4 852.408 -90853.1 869.82 -73174.8 899.712 -49053.9 825.012 -30872 784.892 -34676.6 829.787 -49792.1 866.893 -70208.3 877.636 -59960.7 842.552 -61555.6 867.842 -43626.7 
2021-03-10T15:03:28 887.351 -73551.6 842.752 -57903.2 852.397 -90881.5 869.819 -73257.6 899.726 -49095.8 825 -30932.2 784.905 -34712.6 829.82 -49855.8 866.898 -70206.7 877.634 -59968.7 842.564 -61676.3 867.825 -43690.1 
2021-03-10T15:03:33 887.331 -73528.7 842.75 -57973.9 852.379 -90928.8 869.804 -73246.4 899.721 -49136 824.97 -30815.7 784.902 -34770.6 829.822 -49915 866.904 -70339.7 877.631 -59997.3 842.518 -61703.2 867.78 -43791.3 
2021-03-10T15:03:38 887.316 -73460.7 842.733 -57846.3 852.351 -90741.1 869.791 -73121.9 899.697 -49036.9 824.977 -30797.5 784.874 -34685.4 829.797 -49843.2 866.856 -70143.2 877.619 -59935.7 842.458 -61594 867.693 -43641.5 
2021-03-10T15:03:43 887.318 -73556.1 842.744 -57962.3 852.366 -90845.4 869.8 -73113.8 899.718 -49125.6 824.99 -30870.3 784.883 -34709.7 829.805 -49807.8 866.887 -70245.6 877.625 -59976.1 842.451 -61729 867.669 -43781.3 
2021-03-10T15:03:48 887.297 -73524.8 842.729 -57913.5 852.357 -90885.7 869.81 -73276.3 899.699 -49090.9 824.98 -30865.5 784.882 -34724.8 829.83 -49862.6 866.878 -70283.6 877.619 -60036.2 842.379 -61724 867.586 -43784.7 
2021-03-10T15:03:53 887.283 -73396.6 842.725 -57937.6 852.338 -90783.2 869.792 -73189.6 899.696 -49119.8 824.971 -30849.8 784.874 -34745.5 829.83 -49827.5 866.852 -70242.9 877.598 -59950.4 842.31 -61694.7 867.501 -43728.6 
2021-03-10T15:03:58 887.299 -73465.7 842.716 -57954.8 852.344 -90787.6 869.789 -73229 899.679 -49089.7 824.967 -30793.5 784.856 -34676.3 829.845 -49890.7 866.843 -70323.5 877.599 -60032.1 842.254 -61643.8 867.44 -43724.7 
2021-03-10T15:04:03 887.299 -73486.2 842.703 -57858.8 852.348 -90824 869.778 -73142.5 899.676 -49085.9 824.981 -30822.7 784.87 -34686.4 829.831 -49873.8 866.802 -70294.7 877.578 -59955.7 842.223 -61624 867.381 -43697.8 
2021-03-10T15:04:07 887.295 -73542.3 842.711 -57851.9 852.344 -90859.7 869.784 -73185.4 899.675 -49056 824.986 -30816.9 784.878 -34684.6 829.825 -49862.4 866.772 -70250.7 877.578 -59988.1 842.202 -61621.7 867.333 -43707.8 
2021-03-10T15:04:13 887.277 -73441.1 842.721 -57914.5 852.332 -90873.9 869.781 -73223.8 899.688 -49103.3 824.993 -30857.2 784.888 -34742.8 829.825 -49902.7 866.76 -70290.9 877.57 -59939.2 842.182 -61724.5 867.282 -43724.6 
2021-03-10T15:04:18 887.283 -73457.5 842.717 -57887.9 852.316 -90825.5 869.772 -73205.3 899.679 -49100.8 824.986 -30825.3 784.872 -34715.4 829.805 -49863.2 866.732 -70293.1 877.574 -60002.4 842.112 -61693 867.223 -43692.8 
2021-03-10T15:04:23 887.285 -73451.5 842.718 -57900.8 852.311 -90796.8 869.766 -73172.6 899.672 -49092.9 824.99 -30862 784.868 -34702.1 829.804 -49781.2 866.703 -70234.4 877.561 -59962.9 842.057 -61638.3 867.177 -43737.7 
2021-03-10T15:04:28 887.288 -73569.8 842.717 -57873.6 852.314 -90798.3 869.766 -73173.7 899.667 -49079.5 824.983 -30839.2 784.869 -34712.9 829.842 -49889 866.697 -70242.5 877.559 -59935.6 842.029 -61667.1 867.113 -43707.6 
2021-03-10T15:04:33 887.264 -73429.8 842.722 -57846.2 852.316 -90799 869.766 -73156.8 899.669 -49066 824.982 -30801.6 784.867 -34701.2 829.829 -49849.9 866.688 -70227.1 877.565 -59919 841.987 -61643.5 867.061 -43702.3 
2021-03-10T15:04:38 887.272 -73480.1 842.733 -57916.2 852.317 -90898 869.768 -73173.6 899.678 -49100.3 824.994 -30822.5 784.869 -34726.3 829.834 -49891.3 866.686 -70324.8 877.574 -59950.4 841.956 -61717.8 867.011 -43729.9 
2021-03-10T15:04:43 887.269 -73489.3 842.729 -57914.8 852.296 -90822.5 869.768 -73202.1 899.67 -49089.5 824.999 -30849.9 784.86 -34706.8 829.82 -49827.4 866.644 -70196.9 877.576 -59913.6 841.89 -61662.9 866.95 -43720.8 
2021-03-10T15:04:48 887.264 -73537 842.724 -57878 852.292 -90905.4 869.763 -73179 899.668 -49082.1 824.995 -30854.4 784.86 -34702.3 829.836 -49814.8 866.654 -70191.6 877.587 -59937.3 841.849 -61654.2 866.893 -43720.2 
2021-03-10T15:04:53 887.247 -73473.7 842.728 -57851.7 852.269 -90751.6 869.762 -73157.3 899.668 -49057.5 824.989 -30811.1 784.862 -34656 829.858 -49821.3 866.665 -70233.1 877.592 -59904.6 841.813 -61604.5 866.835 -43685.9 
2021-03-10T15:04:58 887.245 -73491.8 842.738 -57884.7 852.282 -90836.8 869.764 -73167.9 899.681 -49091.2 824.998 -30878.6 784.884 -34688.8 829.876 -49875.3 866.661 -70287 877.605 -59986.8 841.802 -61683.8 866.793 -43742.2 
2021-03-10T15:05:03 887.24 -73471.1 842.74 -57871.3 852.275 -90900.5 869.765 -73200 899.677 -49069.6 824.985 -30833 784.891 -34741.7 829.87 -49874.1 866.634 -70258 877.597 -59989.1 841.751 -61703.1 866.726 -43746.9 
2021-03-10T15:05:08 887.238 -73494.9 842.746 -57955.8 852.253 -90804.1 869.76 -73239.6 899.684 -49046.4 824.986 -30856.9 784.876 -34709.6 829.864 -49812.6 866.619 -70225.1 877.588 -60003 841.692 -61721.8 866.658 -43736 
2021-03-10T15:05:13 887.232 -73501.4 842.732 -57928.1 852.253 -90819.8 869.748 -73182.5 899.701 -49098.6 824.98 -30853.9 784.874 -34699.6 829.886 -49887.3 866.617 -70299.4 877.575 -59898 841.623 -61731.7 866.594 -43806.3 
2021-03-10T15:05:17 887.223 -73408.7 842.725 -57862.3 852.25 -90860.4 869.746 -73157 899.695 -49076.2 824.975 -30802.9 784.877 -34712.8 829.874 -49854.7 866.586 -70211.4 877.59 -60038.2 841.55 -61681.9 866.499 -43709.1 
2021-03-10T15:05:22 887.237 -73537.1 842.733 -57943.4 852.238 -90861.6 869.749 -73263.1 899.698 -49122.4 824.986 -30853.4 784.874 -34735.3 829.877 -49933.8 866.589 -70254.6 877.568 -59977.5 841.501 -61693.5 866.447 -43750.7 
2021-03-10T15:05:27 887.22 -73466.4 842.722 -57852.2 852.225 -90806.1 869.733 -73162.6 899.68 -49076.2 824.981 -30853.2 784.862 -34701.7 829.843 -49846 866.576 -70292.9 877.562 -60002 841.446 -61675.1 866.377 -43739.2 
2021-03-10T15:05:33 887.22 -73403.2 842.732 -57877.5 852.225 -90803.5 869.734 -73093.7 899.684 -49075.7 824.976 -30772.9 784.864 -34662.7 829.85 -49846.7 866.547 -70276.7 877.55 -59883.2 841.4 -61663.4 866.311 -43764.6 
2021-03-10T15:05:37 887.235 -73421.1 842.736 -57895.6 852.226 -90848.2 869.748 -73130.6 899.688 -49082.2 824.997 -30828.8 784.883 -34690.3 829.857 -49831.4 866.524 -70163.6 877.569 -59885.6 841.359 -61666.3 866.235 -43747 
2021-03-10T15:05:43 887.246 -73452.5 842.736 -57804.9 852.216 -90777.1 869.755 -73140.5 899.688 -49091.8 825 -30819.2 784.89 -34694.9 829.871 -49856.3 866.547 -70313 877.588 -59971.7 841.318 -61632.8 866.166 -43691.7 
2021-03-10T15:05:48 887.249 -73516.1 842.756 -57913.3 852.223 -90910.4 869.761 -73261.3 899.685 -49058.8 825.006 -30897.1 784.895 -34696.5 829.873 -49839.7 866.51 -70225.7 877.583 -59949.7 841.292 -61710.1 866.122 -43759.6 
2021-03-10T15:05:52 887.237 -73502.4 842.752 -57927.9 852.199 -90866.3 869.745 -73232.7 899.696 -49064.8 824.987 -30870.4 784.899 -34752.6 829.883 -49911.7 866.508 -70190.2 877.585 -60063.5 841.229 -61741.3 866.047 -43789.1 
2021-03-10T15:05:57 887.229 -73466.3 842.745 -57919.9 852.185 -90841.6 869.734 -73192 899.705 -49063.4 824.976 -30834.8 784.879 -34738.3 829.859 -49875.2 866.521 -70186.9 877.556 -59982.3 841.151 -61686 865.961 -43757.8 
2021-03-10T15:06:03 887.229 -73473.7 842.739 -57865.4 852.176 -90737.2 869.731 -73080.9 899.715 -49124.1 824.977 -30792.6 784.864 -34757.1 829.852 -49872.1 866.534 -70197.9 877.549 -59947.4 841.1 -61660.4 865.887 -43747.4 
2021-03-10T15:06:08 887.227 -73471.1 842.746 -57902.3 852.193 -90872.4 869.747 -73193.1 899.696 -49042 824.992 -30854.1 784.842 -34689.9 829.847 -49885.1 866.544 -70268.9 877.551 -59954.9 841.061 -61687.5 865.818 -43769.6 
2021-03-10T15:06:13 887.226 -73492.6 842.745 -57969 852.177 -90803.9 869.743 -73193.7 899.716 -49088.9 824.987 -30800 784.849 -34718.4 829.836 -49914.1 866.524 -70211.3 877.551 -59906.1 841.009 -61732.9 865.74 -43804.8 
2021-03-10T15:06:18 887.22 -73521.9 842.728 -57924.6 852.178 -90821.3 869.739 -73235.3 899.713 -49107.1 824.999 -30830.8 784.844 -34744 829.811 -49895 866.528 -70255.8 877.564 -60073.6 840.935 -61718.9 865.647 -43779.3 
2021-03-10T15:06:23 887.207 -73501.9 842.722 -57923.9 852.174 -90846 869.728 -73171.3 899.703 -49078.9 825.001 -30821 784.827 -34691.1 829.795 -49861.6 866.514 -70184.5 877.533 -59952.2 840.868 -61674.4 865.564 -43743.9 
2021-03-10T15:06:28 887.198 -73504.6 842.716 -57907.4 852.165 -90854.9 869.728 -73160.8 899.705 -49059 825.007 -30844.9 784.834 -34677.6 829.794 -49821.8 866.529 -70258.1 877.534 -59955.8 840.822 -61729.6 865.497 -43808.8 
2021-03-10T15:06:33 887.189 -73465 842.713 -57866.9 852.154 -90733.6 869.73 -73103.5 899.716 -49098 825.004 -30861 784.847 -34703.6 829.813 -49862.9 866.514 -70258.3 877.534 -59965.2 840.75 -61681.4 865.401 -43818.1 
2021-03-10T15:06:38 887.189 -73442.5 842.72 -57868.4 852.171 -90783.1 869.742 -73083.6 899.71 -49073.8 824.997 -30817.3 784.848 -34716.3 829.812 -49877.7 866.499 -70196.1 877.531 -59906.5 840.701 -61687.4 865.302 -43817.2 
2021-03-10T15:06:43 887.195 -73488.5 842.726 -57900.6 852.176 -90864.4 869.758 -73149.4 899.715 -49070.8 825.003 -30843.4 784.843 -34718.1 829.804 -49816 866.509 -70227.5 877.544 -59980 840.649 -61731.1 865.203 -43842.1 
2021-03-10T15:06:48 887.19 -73490.1 842.725 -57874.8 852.163 -90719 869.762 -73155.7 899.721 -49107.3 825.002 -30826.4 784.838 -34732.9 829.826 -49876.8 866.506 -70224.4 877.537 -59944.1 840.576 -61716.9 865.094 -43799.4 
2021-03-10T15:06:53 887.184 -73461.8 842.729 -57869.1 852.183 -90860 869.765 -73204.5 899.71 -49085.2 825.005 -30847.5 784.827 -34687.3 829.818 -49905.4 866.505 -70225.7 877.54 -59958.8 840.51 -61652.3 865.002 -43801.5 
2021-03-10T15:06:58 887.185 -73482.6 842.735 -57945.7 852.171 -90860.5 869.759 -73215.9 899.709 -49056.3 825.002 -30805.5 784.835 -34715.7 829.797 -49846.3 866.503 -70362.7 877.539 -59961 840.475 -61737.1 864.91 -43806.8 
2021-03-10T15:07:03 887.181 -73540.1 842.724 -57862.1 852.158 -90869.8 869.751 -73203.7 899.722 -49142 825.013 -30806.9 784.831 -34715.9 829.804 -49863.7 866.445 -70333.4 877.538 -60022.6 840.399 -61683.8 864.816 -43783.1 
2021-03-10T15:07:08 887.164 -73467.3 842.731 -57862 852.143 -90849.6 869.745 -73137.2 899.695 -49141.7 825.023 -30858.9 784.827 -34682.8 829.803 -49851.2 866.4 -70241.8 877.52 -59945.6 840.348 -61723.5 864.732 -43818.3 
2021-03-10T15:07:13 887.164 -73495.7 842.739 -57905.2 852.133 -90891 869.752 -73240.2 899.668 -49068.7 825.016 -30854 784.837 -34715 829.808 -49888 866.392 -70362.5 877.523 -59977.9 840.279 -61754.9 864.632 -43812.7 
2021-03-10T15:07:18 887.157 -73467 842.737 -57873.6 852.113 -90845.8 869.739 -73132.3 899.675 -49049.2 825.01 -30820.3 784.833 -34750.8 829.795 -49902.9 866.334 -70225.8 877.517 -59919 840.194 -61676.3 864.535 -43823 
2021-03-10T15:07:23 887.157 -73424.9 842.742 -57875.4 852.104 -90809.3 869.746 -73172.9 899.691 -49075.2 825.016 -30885.9 784.813 -34632.1 829.775 -49819.5 866.332 -70174.7 877.526 -59871.5 840.148 -61705.7 864.434 -43795.9 
2021-03-10T15:07:28 887.166 -73464.9 842.746 -57889.2 852.104 -90898.1 869.746 -73167 899.695 -49054.7 825.001 -30824.6 784.846 -34694.9 829.795 -49818 866.351 -70225.7 877.549 -60002.1 840.087 -61707.7 864.344 -43808.3 
2021-03-10T15:07:33 887.167 -73540.3 842.748 -57921 852.082 -90822.8 869.747 -73180.2 899.709 -49084.2 825.005 -30828.2 784.851 -34707.9 829.815 -49942.9 866.349 -70248.9 877.536 -59950.7 840.025 -61677.1 864.249 -43831.9 
2021-03-10T15:07:38 887.149 -73539.2 842.742 -57950.5 852.078 -90766.8 869.746 -73130.3 899.709 -49101.4 825.008 -30858.8 784.85 -34670.2 829.776 -49872.9 866.338 -70233.4 877.537 -59916.6 839.978 -61698.9 864.144 -43801.9 
2021-03-10T15:07:43 887.132 -73512.1 842.73 -57890.7 852.088 -90836.9 869.753 -73149.1 899.701 -49135 825.001 -30864.2 784.866 -34728.8 829.771 -49862.3 866.333 -70283.5 877.548 -59944.6 839.921 -61713.7 864.052 -43847.3 
2021-03-10T15:07:48 887.122 -73540.3 842.731 -57909.6 852.08 -90866.4 869.757 -73230.5 899.677 -49110.2 824.992 -30894.2 784.856 -34727.4 829.77 -49897.1 866.307 -70222.8 877.551 -59973.1 839.856 -61731 863.94 -43844.5 
2021-03-10T15:07:53 887.104 -73548 842.728 -57865.8 852.066 -90864.2 869.747 -73089.9 899.665 -49068.6 824.974 -30847.2 784.847 -34681.9 829.753 -49864.2 866.307 -70208.1 877.546 -59948.7 839.783 -61714.3 863.829 -43851.6 
2021-03-10T15:07:58 887.085 -73550 842.734 -57935.4 852.053 -90828.9 869.761 -73200.7 899.672 -49073.4 824.971 -30835.5 784.858 -34717.3 829.752 -49837.9 866.312 -70286.4 877.548 -59983.6 839.718 -61713 863.716 -43835.6 
2021-03-10T15:08:03 887.065 -73485.8 842.726 -57911.6 852.048 -90814.3 869.756 -73186.5 899.677 -49064.5 824.972 -30900.2 784.853 -34718.4 829.763 -49873.1 866.285 -70249.5 877.54 -60012.5 839.654 -61734.2 863.609 -43864.2 
2021-03-10T15:08:08 887.061 -73522.1 842.722 -57895.7 852.046 -90788.4 869.753 -73173.8 899.686 -49083.8 824.952 -30861.3 784.847 -34694.3 829.757 -49863.1 866.274 -70277 877.525 -59972.5 839.579 -61676 863.49 -43860.3 
2021-03-10T15:08:13 887.048 -73421.6 842.722 -57890.1 852.05 -90837.6 869.753 -73173.7 899.686 -49045.7 824.944 -30844.7 784.853 -34685.6 829.756 -49831.5 866.251 -70242.7 877.52 -59950.6 839.533 -61711.5 863.372 -43879.9 
2021-03-10T15:08:18 887.058 -73479.8 842.723 -57881 852.043 -90878.4 869.753 -73221.3 899.703 -49125.8 824.942 -30833.6 784.862 -34689.5 829.77 -49844.6 866.242 -70307 877.522 -60009.1 839.469 -61723.5 863.246 -43869.6 
2021-03-10T15:08:23 887.055 -73478.7 842.727 -57868.6 852.026 -90838.8 869.744 -73241.5 899.684 -49092.7 824.943 -30817.4 784.869 -34756.6 829.778 -49875.4 866.208 -70315.2 877.507 -60020.1 839.4 -61703.6 863.125 -43854.2 
2021-03-10T15:08:28 887.052 -73450.2 842.733 -57868.1 852.019 -90845.6 869.732 -73222.3 899.68 -49067.1 824.95 -30840.4 784.847 -34748.7 829.771 -49849.6 866.17 -70235.6 877.49 -59976.7 839.34 -61834.2 863.01 -43906.6 
2021-03-10T15:08:33 887.056 -73503.2 842.739 -57903.7 852.009 -90870.2 869.723 -73169.7 899.688 -49085.4 824.949 -30870.9 784.828 -34712.3 829.776 -49918.7 866.164 -70142.8 877.484 -59861.5 839.217 -61728.3 862.873 -43913.4 
2021-03-10T15:08:38 887.047 -73458.5 842.737 -57932.6 851.995 -90794.7 869.723 -73229.4 899.687 -49113.9 824.938 -30807.5 784.826 -34735.7 829.749 -49863.6 866.195 -70238.1 877.51 -59976 839.145 -61754.3 862.733 -43869.6 
2021-03-10T15:08:42 887.049 -73484.3 842.729 -57898.5 851.997 -90853.8 869.713 -73183.2 899.673 -49135.3 824.948 -30824 784.813 -34711.9 829.748 -49884 866.188 -70304 877.504 -60027.9 839.061 -61771 862.611 -43907.7 
2021-03-10T15:08:47 887.045 -73472 842.728 -57897.1 851.986 -90833 869.711 -73203.3 899.649 -49147.9 824.952 -30854.4 784.81 -34704.2 829.737 -49872 866.155 -70234.1 877.485 -59961.9 838.969 -61806.3 862.474 -43892.6 
2021-03-10T15:08:53 887.043 -73440.3 842.728 -57968.2 851.98 -90811 869.706 -73145.8 899.619 -49138.2 824.947 -30867.7 784.811 -34732.6 829.732 -49857.4 866.149 -70223.7 877.483 -59924.6 838.859 -61722.1 862.342 -43888.8 
2021-03-10T15:08:57 887.05 -73573.6 842.712 -57867.5 851.979 -90874.3 869.71 -73192.3 899.594 -49074.1 824.937 -30832 784.8 -34700.4 829.734 -49833.6 866.148 -70296.7 877.491 -60003.5 838.79 -61733.6 862.213 -43905.5 
2021-03-10T15:09:03 887.024 -73459.6 842.718 -57882 851.963 -90851.9 869.707 -73194.7 899.599 -49086.3 824.939 -30846.3 784.802 -34677.4 829.747 -49886.4 866.118 -70261.8 877.478 -60003.2 838.716 -61704.8 862.076 -43910.6 
2021-03-10T15:09:08 887.026 -73520.6 842.721 -57874.3 851.953 -90878.3 869.703 -73106 899.598 -49075 824.936 -30854 784.815 -34731.8 829.735 -49858.6 866.101 -70285.8 877.466 -59948.1 838.656 -61727.8 861.937 -43920.7 
2021-03-10T15:09:13 887.013 -73504.3 842.726 -57943.5 851.936 -90870.6 869.714 -73197.7 899.602 -49088.8 824.931 -30887.1 784.804 -34706.2 829.736 -49848.1 866.075 -70262.6 877.467 -60055.7 838.584 -61792.9 861.793 -43971.3 
2021-03-10T15:09:18 887.004 -73490.2 842.715 -57823.3 851.921 -90836 869.71 -73177.3 899.599 -49083.5 824.915 -30852.3 784.804 -34680.2 829.742 -49857.7 866.058 -70236.2 877.441 -59904 838.481 -61761.7 861.628 -43936.7 
2021-03-10T15:09:23 886.999 -73430.3 842.731 -57849.2 851.914 -90772.2 869.709 -73116.7 899.6 -49067.1 824.91 -30831.9 784.815 -34660.8 829.744 -49886.8 866.052 -70301.7 877.454 -59925.7 838.393 -61760.7 861.478 -43934.7 
2021-03-10T15:09:27 887.007 -73470.1 842.742 -57905.2 851.922 -90806.6 869.718 -73246.9 899.607 -49069.1 824.912 -30817.1 784.835 -34743 829.731 -49922.6 866.019 -70223.3 877.462 -59993.1 838.306 -61810.1 861.329 -43988 
2021-03-10T15:09:32 887.006 -73507.6 842.739 -57892.5 851.922 -90863.6 869.705 -73207.5 899.614 -49096 824.919 -30834.1 784.819 -34700.3 829.702 -49864.7 866.018 -70231.9 877.452 -59943.1 838.195 -61875.8 861.156 -44149.3 
2021-03-10T15:09:38 886.997 -73463.8 842.74 -57916 851.909 -90851.1 869.699 -73185.7 899.609 -49145.6 824.92 -30881.7 784.822 -34706.6 829.701 -49858.1 866.014 -70312.2 877.456 -59982.5 838.052 -62665.2 860.915 -45632.5 
2021-03-10T15:09:43 886.997 -73521.8 842.736 -57962.6 851.898 -90849.2 869.696 -73196.5 899.58 -49120.7 824.906 -30860.6 784.821 -34708.8 829.702 -49882.3 865.977 -70273.1 877.448 -59971.6 837.527 -62632.9 860.035 -45540.4 
2021-03-10T15:09:48 886.984 -73422.9 842.721 -57853.7 851.888 -90895.8 869.692 -73233.4 899.563 -49104.1 824.898 -30821.6 784.82 -34724.3 829.692 -49898.8 865.956 -70301.7 877.444 -60010.5 837.018 -62585.6 859.195 -45386.1 
2021-03-10T15:09:53 886.994 -73490.3 842.73 -57876.8 851.867 -90827.2 869.681 -73191 899.554 -49142.5 824.904 -30809.3 784.812 -34686.5 829.674 -49825.7 865.923 -70247.9 877.429 -59959.8 836.531 -62455.2 858.422 -45225.5 
2021-03-10T15:09:58 886.989 -73493.7 842.734 -57911.2 851.862 -90778.8 869.678 -73172.1 899.526 -49066.5 824.913 -30830.9 784.821 -34699.6 829.691 -49851.2 865.912 -70274.9 877.428 -59999 836.108 -62440.2 857.718 -45099.9 
2021-03-10T15:10:03 886.982 -73490.3 842.731 -57878.5 851.869 -90841.7 869.678 -73137.2 899.534 -49087.1 824.915 -30877 784.824 -34678.5 829.695 -49802.8 865.891 -70183.5 877.417 -59948.3 835.692 -62324.5 857.067 -44974.5 
2021-03-10T15:10:08 886.976 -73421.8 842.735 -57923.2 851.861 -90780.1 869.684 -73215.4 899.533 -49031.3 824.902 -30831.8 784.836 -34702.9 829.723 -49864.8 865.906 -70293.1 877.418 -59945.1 835.332 -62302.7 856.471 -44897.8 
2021-03-10T15:10:13 886.987 -73447 842.729 -57857.2 851.867 -90787.5 869.676 -73181.2 899.557 -49108.2 824.904 -30867 784.838 -34701.2 829.721 -49850.6 865.877 -70253.5 877.421 -59977.5 834.983 -62233.9 855.907 -44785.2 
2021-03-10T15:10:18 886.991 -73496.9 842.737 -57908.7 851.871 -90836.9 869.675 -73280.3 899.546 -49055.9 824.895 -30821.4 784.84 -34694.3 829.726 -49836.9 865.863 -70217.1 877.415 -59958.8 834.666 -62210.9 855.392 -44696 
2021-03-10T15:10:23 886.984 -73462.8 842.734 -57926.8 851.864 -90783.7 869.655 -73107.3 899.559 -49119 824.9 -30830 784.845 -34718.9 829.738 -49817.3 865.865 -70232.9 877.414 -59967.7 834.361 -62082.1 854.915 -44551.3 
2021-03-10T15:10:27 886.985 -73462.4 842.727 -57951.2 851.87 -90818.2 869.667 -73147.6 899.543 -49099.2 824.903 -30865.7 784.84 -34714.6 829.758 -49888 865.86 -70226.8 877.411 -59982.2 834.119 -62106.2 854.501 -44489.5 
2021-03-10T15:10:33 886.986 -73486.1 842.715 -57899.6 851.867 -90821.3 869.671 -73179.1 899.536 -49066.8 824.894 -30815.3 784.836 -34687 829.746 -49841.7 865.858 -70153.6 877.404 -59943.1 833.864 -62033.3 854.113 -44410.6 
2021-03-10T15:10:38 886.981 -73449 842.714 -57863.1 851.863 -90819.1 869.67 -73138.4 899.544 -49108.2 824.901 -30867.9 784.844 -34717.8 829.755 -49855.6 865.885 -70300.7 877.407 -59960 833.645 -61979.2 853.759 -44283.1 
2021-03-10T15:10:43 886.985 -73421.3 842.721 -57889.2 851.86 -90809.9 869.676 -73157.3 899.532 -49057.3 824.891 -30799.3 784.839 -34708.4 829.757 -49870.3 865.853 -70262.1 877.406 -59981.9 833.452 -61957.3 853.46 -44281.4 
2021-03-10T15:10:48 886.996 -73510.8 842.723 -57911.4 851.86 -90807.3 869.678 -73095 899.545 -49129 824.904 -30870.4 784.838 -34719.1 829.753 -49834 865.836 -70220.8 877.399 -59912.9 833.269 -61947.3 853.161 -44259.4 
2021-03-10T15:10:53 886.985 -73504.9 842.719 -57846 851.859 -90880.5 869.692 -73224.7 899.524 -49090.2 824.893 -30801.7 784.833 -34691.8 829.766 -49881.4 865.836 -70229.5 877.41 -59984.6 833.092 -61940.8 852.872 -44196.6 
2021-03-10T15:10:58 886.976 -73495.1 842.73 -57841.9 851.842 -90837.8 869.683 -73172.2 899.521 -49070.3 824.905 -30830.7 784.839 -34715.1 829.756 -49850 865.833 -70302 877.402 -60051.3 832.917 -61911.5 852.61 -44136.9 
2021-03-10T15:11:03 886.97 -73470.9 842.742 -57893.6 851.835 -90855.1 869.683 -73189.8 899.527 -49055.1 824.907 -30843.9 784.835 -34701 829.761 -49796.5 865.8 -70172.6 877.377 -59947 832.757 -61930.6 852.374 -44134.6 
2021-03-10T15:11:08 886.969 -73512.7 842.743 -57972.3 851.823 -90802.6 869.679 -73072.5 899.541 -49095.1 824.905 -30862.5 784.837 -34721.3 829.792 -49883.4 865.82 -70276.7 877.379 -59965 832.588 -61883.4 852.139 -44046.3 
2021-03-10T15:11:13 886.958 -73551.3 842.726 -57943.8 851.824 -90913.8 869.697 -73247.1 899.535 -49110.6 824.897 -30837.7 784.831 -34701.8 829.781 -49887.4 865.797 -70271.4 877.376 -60058.6 832.441 -61806.7 851.941 -44013 
2021-03-10T15:11:18 886.938 -73511.8 842.715 -57914.2 851.799 -90862.4 869.684 -73195.6 899.523 -49056.8 824.897 -30832.9 784.833 -34700.9 829.769 -49834.6 865.777 -70289 877.349 -59996.6 832.331 -61872.1 851.758 -43994.5 
2021-03-10T15:11:23 886.927 -73484 842.711 -57888.6 851.786 -90863.6 869.679 -73103.5 899.536 -49043.3 824.899 -30847.9 784.835 -34685 829.782 -49864 865.749 -70275.7 877.338 -59971.1 832.19 -61843.7 851.583 -43969.7 
2021-03-10T15:11:28 886.923 -73470 842.713 -57873.1 851.773 -90839.1 869.692 -73184.5 899.554 -49050 824.895 -30825.1 784.844 -34698.3 829.78 -49827.7 865.727 -70213.6 877.334 -59954.7 832.062 -61759.6 851.419 -43912.2 
2021-03-10T15:11:33 886.922 -73495.1 842.718 -57893.2 851.765 -90927.7 869.689 -73223.4 899.57 -49084.1 824.9 -30857.8 784.848 -34726.5 829.796 -49902 865.73 -70273.2 877.334 -59971.7 831.976 -61811.5 851.279 -43941.4 
2021-03-10T15:11:38 886.915 -73490.9 842.718 -57931.6 851.737 -90922.7 869.68 -73219.7 899.57 -49135.8 824.893 -30825.8 784.839 -34728.9 829.777 -49908.6 865.709 -70281.5 877.33 -59957.1 831.864 -61795.7 851.127 -43947.4 
2021-03-10T15:11:43 886.909 -73587.4 842.71 -57927.3 851.71 -90851.8 869.672 -73129.3 899.546 -49068.2 824.897 -30840.9 784.829 -34681.4 829.754 -49865.6 865.684 -70246 877.329 -59962.3 831.759 -61746.8 850.972 -43873.1 
2021-03-10T15:11:48 886.881 -73554 842.703 -57878.5 851.699 -90913.8 869.679 -73237.2 899.553 -49111.9 824.896 -30858.6 784.84 -34726.3 829.752 -49902.2 865.674 -70248.4 877.327 -59961.5 831.679 -61679.5 850.849 -43829.2 
2021-03-10T15:11:53 886.86 -73572.8 842.707 -57903.8 851.674 -90813.1 869.668 -73197.5 899.54 -49077.8 824.889 -30858.3 784.831 -34675.9 829.733 -49850.6 865.663 -70303.6 877.326 -60034.6 831.63 -61734.1 850.745 -43802.4 
2021-03-10T15:11:58 886.835 -73486.3 842.705 -57843.9 851.673 -90814.6 869.663 -73153.4 899.543 -49009.8 824.883 -30859.4 784.845 -34693.1 829.737 -49887.2 865.63 -70222 877.305 -59968.1 831.556 -61703.1 850.652 -43806.9 
2021-03-10T15:12:03 886.831 -73521.3 842.717 -57886 851.671 -90830.1 869.667 -73296.9 899.578 -49111.4 824.876 -30818.5 784.85 -34718.6 829.725 -49864.9 865.629 -70237.9 877.301 -59971.5 831.496 -61765.9 850.558 -43812.2 
2021-03-10T15:12:08 886.818 -73459.9 842.719 -57878.8 851.665 -90857 869.644 -73149.6 899.565 -49103.4 824.882 -30821.8 784.845 -34713.9 829.723 -49893.6 865.622 -70241.7 877.297 -59983.2 831.406 -61699.4 850.461 -43782.1 
2021-03-10T15:12:13 886.819 -73437.6 842.722 -57879.8 851.653 -90863.1 869.648 -73169 899.556 -49121 824.887 -30848.8 784.842 -34704.6 829.708 -49857.8 865.614 -70298.5 877.289 -59967.4 831.349 -61699.3 850.378 -43786.5 
2021-03-10T15:12:18 886.826 -73471.8 842.726 -57919.3 851.64 -90912.8 869.649 -73196.4 899.538 -49095 824.883 -30861.1 784.842 -34690.7 829.709 -49830.1 865.583 -70210 877.286 -59937.6 831.291 -61655.4 850.292 -43756.4 
